DCASE 2016 scene classification

main_dnn.py:			Train dnn model
main_lstm.py:			Train lstm model
main_cnn_lstm_dnn.py:		Train cnn_lstm_dnn model
hierarchy_dnn_hierarchy.py:	Yong's hierarchy method, dnn
recognize.py:			recognize
recognize_hierarchy.py:		recognize for heirarchy
prepareData.py:			util functions
config:				config file

====================================
Usage:
run prepareData.py
run main_dnn.py
run recognize.py

====================================
Notes:
2016.05.11 Use same feature, model as DCASE 2013, Mel(100 banks, 44100Hz), ew:71%, fw:52%
           1 frame is similar 10 frames
           using dropout 30 min ew: 76%, train 6h ew: 81%
2016.05.29 Using Hat. Write main_dnn.py, main_lstm.py, main_cnn_lstm_dnn.py, main_dnn_hierarchy.py for Yong Xu
2016.06.07 Try texture feature
2016.06.24 Using Mel40 + DNN, batch_size=100, rmsprop_lr=1e-4. fold 1 acc=80%
           classify on private dataset, prepare to submit results. 
====================================

Results:
2016.05.11 Mel(100 banks, 44100Hz),agg=1,hop=10 + MLP(100-500-500-16), relu, lr=0.01, momentum=0.95, no dropout, epoch=30, only cv-1, ew:71%, fw: 52%, GPU time: 10 min
           Mel(100 banks, 44100Hz),agg=10,hop=10 + MLP(1000-500-500-16), relu, lr=0.01, momentum=0.95, no dropout, epoch=30, only cv-1, ew:71%, fw: 54%, GPU time: 10 min
           Mel(60 banks, 44100Hz),agg=10,hop=10 + MLP(600-500-500-500-16), relu, lr=0.01, momentum=0.95, drop=0.1, epoch=200, only cv-1, tr_fw: 94%,  te_ew:76%, fw: 62%, GPU time: 30 min
           Mel(60 banks, 44100Hz),agg=10,hop=10 + MLP(600-500-500-500-16), relu, lr=0.01, momentum=0.95, drop=0.1, epoch=2000, only cv-1, tr_fw: 99.8%,  te_ew:81%, fw: 65%, GPU time: 6 h

2016.06.07 Mel(20 banks, 44100Hz),agg=10,hop=10 + MLP(200-500-500-500-16), relu, rmsprop_lr=0.001, epoch=20, only cv-1, tr_fw: 91%,  te_ew:74%, fw: 56%, GPU time: 3 min
        [[ 18.   0.   0.   0.   0.   0.   0.   0.   0.   0.   0.   0.   0.   1.   0.]
        [  0.  10.   0.   0.   0.   1.   0.   0.   0.   6.   0.   0.   1.   0.   0.]
        [  3.   0.  14.   0.   0.   0.   0.   0.   0.   0.   0.   0.   0.   3.   0.]
        [  0.   0.   0.  17.   0.   0.   0.   0.   0.   0.   0.   1.   0.   0.   0.]
        [  0.   0.   0.   0.  14.   0.   0.   0.   0.   0.   0.   6.   0.   0.   1.]
        [  0.   0.   0.   0.   0.  13.   0.   0.   0.   6.   0.   0.   0.   0.   0.]
        [  0.   0.   0.   0.   0.   0.  21.   0.   1.   0.   0.   0.   0.   0.   0.]
        [  0.   0.   0.   0.   0.   0.   0.  19.   0.   0.   0.   0.   0.   0.   0.]
        [  0.   0.   0.   0.   0.   4.   0.   0.  14.   1.   0.   0.   2.   0.   0.]
        [  0.   2.   0.   0.   0.   2.   5.   0.   0.   9.   1.   0.   0.   0.   0.]
        [  0.   0.   0.   0.   2.   0.   0.   0.   0.   0.  17.   0.   0.   0.   0.]
        [  0.   0.   0.   1.   0.   0.   0.   0.   0.   1.   0.  17.   0.   0.   0.]
        [  3.   0.   1.   4.   0.   0.   0.   0.   0.   1.   0.   2.   7.   0.   0.]
        [  2.   0.   0.   0.   0.   0.   0.   0.   0.   0.   0.   0.   1.  15.   0.]
        [  0.   0.   0.   0.   0.   0.   0.   0.   0.   0.   0.   9.   0.   0.  11.]]

        Texture feature (fq), agg=10,hop=10 + MLP(400-500-500-500-16), relu, rmsprop_lr=1e-3, epoch=100, only cv-1, tr_fw: 88%,  te_ew:67%, fw: 54%, GPU time: 15 min
        [[ 18.   0.   0.   0.   0.   0.   0.   0.   0.   0.   0.   0.   0.   1.   0.]
        [  0.  15.   0.   0.   0.   3.   0.   0.   0.   0.   0.   0.   0.   0.   0.]
        [  1.   0.  18.   0.   0.   0.   0.   0.   0.   0.   0.   0.   0.   1.   0.]
        [  0.   0.   0.  18.   0.   0.   0.   0.   0.   0.   0.   0.   0.   0.   0.]
        [  0.   0.   0.   0.   8.   0.   2.   0.   0.   0.   0.   7.   0.   0.   4.]
        [  0.   3.   0.   0.   0.  10.   0.   0.   0.   6.   0.   0.   0.   0.   0.]
        [  0.   0.   0.   0.   0.   0.  21.   0.   0.   0.   1.   0.   0.   0.   0.]
        [  0.   0.   0.   0.   0.   0.   0.  10.   1.   0.   0.   8.   0.   0.   0.]
        [  0.   0.   0.   0.   0.   2.   0.   0.  15.   0.   0.   0.   4.   0.   0.]
        [  0.   1.   0.   0.   0.   4.   0.   0.   4.   7.   0.   0.   0.   0.   3.]
        [  0.   0.   0.   0.   1.   0.   0.   0.   1.   0.  17.   0.   0.   0.   0.]
        [  0.   1.   0.   2.   0.   0.   0.   0.   1.   0.   0.  14.   0.   0.   1.]
        [  1.   0.   0.   0.   0.   0.   0.   0.   0.   7.   0.   0.   7.   3.   0.]
        [  4.   1.   0.   0.   0.   0.   0.   0.   0.   0.   0.   0.   0.  13.   0.]
        [  0.   0.   0.   0.   0.   0.   0.   0.   0.   0.   0.  14.   0.   2.   4.]]

        Texture feature (time), agg=10,hop=10 + MLP(400-500-500-500-16), relu, rmsprop_lr=1e-3, epoch=100, only cv-1, tr_fw: 80%,  te_ew:62%, fw: 50%, GPU time: 5 min
        [[ 18.   0.   0.   0.   0.   0.   0.   0.   0.   0.   0.   0.   0.   1.   0.]
        [  0.  16.   0.   0.   0.   2.   0.   0.   0.   0.   0.   0.   0.   0.   0.]
        [  4.   0.  16.   0.   0.   0.   0.   0.   0.   0.   0.   0.   0.   0.   0.]
        [  0.   0.   0.  18.   0.   0.   0.   0.   0.   0.   0.   0.   0.   0.   0.]
        [  0.   0.   0.   0.   4.   0.   4.   0.   0.   0.   0.   6.   0.   0.   7.]
        [  0.   5.   0.   5.   0.   3.   0.   0.   0.   6.   0.   0.   0.   0.   0.]
        [  1.   0.   0.   0.   0.   0.  21.   0.   0.   0.   0.   0.   0.   0.   0.]
        [  0.   0.   0.   0.   0.   0.   1.  11.   0.   0.   0.   7.   0.   0.   0.]
        [  0.   0.   0.   0.   0.   0.   0.   0.  15.   0.   0.   0.   6.   0.   0.]
        [  0.   4.   0.   0.   0.   1.   0.   0.   2.   8.   4.   0.   0.   0.   0.]
        [  0.   0.   0.   0.   0.   0.   0.   0.   0.   0.  19.   0.   0.   0.   0.]
        [  0.   1.   0.   4.   0.   0.   0.   0.   0.   2.   0.  11.   0.   0.   1.]
        [  3.   0.   0.   3.   0.   0.   0.   0.   0.   4.   0.   0.   5.   3.   0.]
        [  6.   0.   0.   0.   0.   0.   0.   0.   0.   0.   0.   0.   0.  12.   0.]
        [  0.   0.   0.   0.   0.   0.   0.   0.   0.   0.   0.  15.   0.   0.   5.]]

2016.06.68 Mel20+Texture0+Texture90, feature (time), agg=10,hop=10, Merge([20mel*10-200-200],[400texture0-200-200],[400texture90-200-200])-200-15, relu, rmsprop_lr=1e-4 & lr=1e-5, epoch=300, only cv-1, tr_fw: 97%,  te_ew:81.7%, fw: 65%, GPU time: 25 min
        [[ 16.   0.   0.   0.   0.   0.   0.   0.   0.   0.   0.   0.   0.   3.   0.]
        [  0.  18.   0.   0.   0.   0.   0.   0.   0.   0.   0.   0.   0.   0.   0.]
        [  0.   0.  19.   0.   0.   0.   0.   0.   0.   0.   0.   0.   0.   1.   0.]
        [  0.   0.   0.  18.   0.   0.   0.   0.   0.   0.   0.   0.   0.   0.   0.]
        [  0.   0.   0.   0.  15.   0.   0.   0.   0.   0.   0.   5.   0.   0.   1.]
        [  0.   2.   0.   0.   0.  11.   0.   0.   0.   6.   0.   0.   0.   0.   0.]
        [  0.   0.   0.   0.   0.   0.  22.   0.   0.   0.   0.   0.   0.   0.   0.]
        [  0.   0.   0.   0.   0.   0.   0.  19.   0.   0.   0.   0.   0.   0.   0.]
        [  0.   0.   0.   0.   0.   2.   0.   0.  15.   0.   0.   0.   4.   0.   0.]
        [  0.   1.   0.   0.   0.   3.   0.   0.   0.  11.   4.   0.   0.   0.   0.]
        [  0.   0.   0.   0.   0.   0.   5.   0.   0.   0.  14.   0.   0.   0.   0.]
        [  0.   1.   0.   0.   0.   0.   0.   0.   0.   0.   0.  16.   0.   0.   2.]
        [  0.   0.   0.   0.   0.   0.   0.   0.   0.   0.   0.   0.  14.   4.   0.]
        [  0.   0.   0.   0.   0.   0.   0.   0.   0.   0.   0.   0.   0.  18.   0.]
        [  0.   0.   0.   0.   0.   0.   0.   0.   0.   0.   0.   9.   0.   0.  11.]]



















